EXPERIMENT OUTPUT:

Sensor Number: 50

Average Flow: 6.7599999999999785
Average Time: 13446

4.999999999999994
7.0
10.999999999999984
8.000000000000007
5.9999999999999885
10.500000000000034
10.499999999999984
4.499999999999986
3.9999999999999902
9.000000000000002
1.9999999999999925
7.000000000000009
4.999999999999998
9.499999999999885
7.000000000000005
3.000000000000005
9.000000000000007
9.999999999999947
9.999999999999961
0.9999999999999992
6.99999999999991
1.999999999999998
8.999999999999739
7.0
5.00000000000002
