300.0 150.0
152.6455604869622 138.09104766196768 44.25426801427555 0.9231661246915874 1.231029733994046
294.337414260381 88.51249428490578 60.82824877761077 0.9044195597822714 1.4406061371892245
112.1875359846172 46.78525220598884 36.430956549091086 0.9815731661451825 2.250520209281358
244.8844278105516 59.043576501558334 50.216989604041004 0.7312376586392917 2.0227567568929565
98.49411171882693 149.6019283373429 47.261293563187714 0.5867121136564777 1.942920655446972
180.6712534844171 13.203361613941356 62.36177396236369 0.9786403088655085 2.6686145725178054
7.2075997086401 111.82761811870422 56.01451656693196 0.8802914119380387 2.8599716577920846
42.47859122752844 62.11698549712042 12.513808072467889 0.7542083902999042 1.8197335406525725
9.293633575631254 31.74356230153334 43.771236181850256 0.7521349540044425 2.0170961977649235
113.23921532387244 87.71823000554026 35.47475972130913 1.1425429761333425 2.8332520535021386
233.7701916943723 80.67242111876105 39.640165346280305 0.8321285296810316 1.8065592485773918
41.168116345225535 53.22818827976413 37.32180847604549 1.1184439383742515 2.9167049567909236
107.03369905817783 70.33418009175104 30.794803500786745 1.0101947758322412 1.2494598227242844
10.721443542793851 149.20055817850323 46.04874457263367 0.6936018382219713 2.2439070335497338
70.98656733378476 89.21300974108792 44.319735855597486 0.6536023413327307 1.1902709852051567
134.74384622992844 72.59398533637703 34.69353132941875 0.6825952544194333 1.8787214058924477
244.65482030152506 96.67400414448407 40.868620437970165 0.8434151344853436 2.2010666110062687
294.2995456711834 106.26432038516893 31.401626237283438 0.9636968953263733 2.9240104445647415
11.495815393106634 88.51371855365747 56.6181156595812 0.8372828124365242 2.2777327320385705
179.19856974680448 54.51114916587315 43.03318677754669 0.5646679933261625 2.4461856788665726
227.1242891778789 46.560229901964135 37.6835264822218 0.7226383978021883 1.7079499006790433
284.9343570048806 122.75093330195796 37.48636713159793 0.7793096083264789 1.1350032404492436
125.82202426248386 23.822289929291713 58.37249381182238 0.9033214292521756 1.061436418448713
112.6029284354349 7.096751285420183 40.26095913398882 1.0437749787454713 1.287294979050576
44.12626218856427 21.01101199714177 25.96292818292517 1.2143692307200615 1.7798987190662205
194.64699568776302 16.579057434726007 34.89904609177728 0.7402739194013194 1.6919619981769274
186.88253014317448 101.19175320717237 45.34836465472925 0.5286693236465857 2.4032440451977726
229.69822241951653 126.01500805662616 33.24656412308768 0.7247944350204685 1.791446710847349
114.91195844937454 141.3768809838472 41.734579564081876 0.4146180962648676 2.561940599620992
259.1704952740104 143.62127857436585 57.73104357978029 0.9317928965843538 2.6552098851735946
40.435258609904665 124.37544990849521 45.065759909850996 0.5840341166908927 2.539030607307307
276.392012389195 46.3718352199926 52.88825981446675 0.6574282600320477 1.1478824482846708
240.27483182114696 147.44371480422004 39.0919408026837 1.0002633834788452 2.7755662120521514
96.0577056242799 83.89242939112552 30.32587905751182 0.6552927055613975 1.9255754928135427
299.20946370325794 136.77777317276417 28.57944301780251 0.6420990710602255 2.2589918541433134
280.0405385340576 120.4224826900226 46.50852887537311 1.1003032477436632 1.1577311647424633
96.40895801875531 99.91014236776125 31.171664815317953 0.6643856861336714 2.292243563055393
243.93359685958376 92.05996469645754 49.23873423858291 0.9169044054673552 1.092495809540347
64.56327055026712 58.46745792222787 37.471336293112856 0.9230082659227477 1.7779894724784424
24.446890846695226 97.03571501652729 36.741780038237934 0.6300427246789142 1.1760683554467073
243.6624529208149 49.38770012685917 29.77283471184235 0.7023967389770871 2.178728337440144
195.18768071645377 110.58747927344159 37.88748067696022 0.6447992669568055 2.577520849265345
100.23565716797836 127.88879521451962 50.166136821023784 1.2654516449183284 2.5812768872000715
103.39047342192494 60.99180419469539 42.89568215915027 1.1368960072220482 1.2505933482743996
155.86985206490036 87.74027622330782 29.214217129773278 0.9978403448855524 1.8315765895403207
135.34730037394363 92.05189993083329 43.4995421055273 0.7439612718731432 1.3224272561886343
198.88548391666723 124.47902555532642 37.94460536716703 0.4037247067769921 2.83969472542927
226.84580954297041 18.233165523916533 47.51988129570718 0.5790832394539511 2.894393539722625
148.83792519238438 126.17656585991972 58.73001592764833 0.7816198336510956 1.9270192858837758
151.21828969741887 76.1310311237717 41.59626464068939 0.659931583212767 2.400151662170945
244.1368605854816 127.39479376443315 28.341377112379448 0.8891920278185291 2.126499896598096
4.923417864006807 145.52688719824457 44.492380185863325 0.7252287539375937 1.1518100750157156
283.00316702268856 17.114610840050414 36.908820377166634 1.0971180011017638 1.79084957650461
278.44764039811383 68.7158527942639 39.4193041668286 0.6908294005230506 2.857433681665113
298.0399146074345 30.898633068798663 39.599734834357335 0.7202627865413829 2.8489523003206085
39.11493090041537 43.45208325589768 38.21461977808001 0.6216727050770157 1.2393337405334077
146.7025274046382 105.13853658912036 42.38517243220488 1.023253635413747 2.3969136551191497
290.432315138474 38.816897354264704 34.686248566266315 0.9065152887054845 1.2754423333394194
87.5871852932009 12.465509215128655 32.126703012309264 1.0473622192898209 1.154763096834934
285.7589978082623 17.59787180411174 25.047425816538407 1.0323828584477492 1.3313387551733498
268.3904164079452 41.29763244380397 37.394710980913736 0.8827841710279879 1.3710238491857347
166.39858722242934 81.44308198267721 39.28550472753926 1.2186945750327443 1.5716126415773166
45.27138060140844 147.97870039582017 47.29705455402845 0.8235423118950459 2.751096913932704
199.83915751784986 51.089557306486306 28.297573296006025 0.9673575989057727 1.9689282030605209
68.01120494631913 20.67541188983879 46.24174765370293 0.6642863041322833 1.6883272349886023
145.70762304903758 27.370868888804274 51.95516318528411 0.9572711607006097 1.6039865185630051
96.50681709692932 117.35302156715612 50.25147068831994 0.9590537436413418 1.0206446081220384
52.26534369876149 78.52693854228664 43.169510136707274 0.8043035468144712 1.6671817457780544
42.564364796595164 62.11070692288473 28.0392476362546 0.9279459643604833 1.2612663085934155
158.66981875641375 13.152079426696318 22.43528207476086 0.8921759463054894 1.070985036548173
112.42542913988078 71.9928755522567 40.31778281716896 0.5663658692560503 1.4393684706450423
243.15090325893482 84.6195765742698 37.06144443158633 0.5099699820718011 1.7681173551693004
97.32157649797287 30.19874389637544 38.7505739295363 0.6755224355865515 2.1949873827367887
156.42073477086961 112.2871965402782 36.83546421379686 0.9912397559196181 2.885592467512369
143.85257563713063 59.238336275649836 40.51171183783878 0.6430275703718336 2.5216108659840604
25.747718209499716 31.30639104450775 57.48637143374833 0.7402216732601488 1.4849626493677979
191.9227198094618 110.11925416922934 39.43522957314954 0.4742742836109502 2.632336753598084
43.540549363822734 16.108133051383707 36.00187878648368 0.900097899674165 2.786615939527916
72.63274416439012 61.81915246334431 51.174491619334226 1.0524788396598248 2.0437258798589433
144.29861376825534 60.78683030278464 28.267975116729318 0.8304488410299858 2.6778179991129463
150.85669227370573 59.289918831298124 55.590037829406526 0.8069839367961442 2.261396886728864
219.13580071114762 33.08414198269956 33.29058236602047 0.7327317823623514 1.6671706593409765
0.05876689213524244 147.2895885636225 19.742892367110535 0.5605944344519043 2.0304896578834795
214.04870104468696 41.26355820694136 49.19464255343341 0.984364336288962 2.141210261949539
39.93101897328795 107.847779554971 43.15749557827444 0.8124668831329548 1.3580819687193189
142.12027160411418 63.27422303490418 49.754131434084606 0.9308827110773219 2.349485500050099
51.90276749326733 142.00890968341767 46.48678410513591 0.6319835355168558 2.037490460022172
162.18157127622155 102.51233516728576 26.400279893383562 0.34145283029858337 2.5481391124935837
69.56758855061022 112.85877929641175 53.53448298390859 1.0080718239270483 1.5300547678508927
213.48334029619792 42.525039281482115 43.65395848821857 0.8426225292474049 2.692505332493159
254.87453426618976 102.92862842582427 13.324986218161385 0.9701699366697187 1.5356786352258704
135.78706544551548 98.49647454655621 46.72811323951258 0.7297449435383021 1.4653004913214698
40.81412197878197 63.97956981797553 40.10265880578665 0.8253403180009635 1.702584335381143
127.63512349270533 45.780015095734484 48.96090895626939 0.6279513844422558 2.997634412910143
47.28457726434914 85.56574180738824 48.10766698752169 0.7215003373076229 2.023303093248399
244.8558594345406 122.89509569444641 41.195406926364875 0.7500499249921918 1.3034569947845969
73.23326886065139 74.462711122847 41.46127587790521 0.9332467736351381 2.2984017341874416
99.51717261781509 135.86124616432744 44.70783286356536 0.7480907413011305 2.2666435054623877
210.3731328640534 105.42362602248203 43.31678456848088 0.8375578045751306 2.452689863556688
228.32169252879382 106.08060978298607 59.00098488880745 1.049998425679654 1.6169987461387119
16.12442353315823 99.25167423179637 41.1636383923098 0.9841814204941304 2.617367224282507
3.382990440034428 46.1662300498117 71.93313239979348 0.9624698983259312 2.423853533392523
149.36189399587516 9.46951454148382 28.838279357667673 0.6880430039192112 2.5993858603897166
68.65542026800607 97.61916174520326 25.763859027512837 0.8253091332709018 1.2249582070454106
111.24891815690916 70.23563835586626 44.5915624502822 0.8738107454366235 2.644115481181351
232.21001261942646 125.21906577398957 47.0133757317972 0.705592841417182 2.2846518661890896
234.0051808298295 49.74612941256602 24.969016407686613 0.8384102771810452 2.1618798414720493
264.8159117359079 145.3809903250004 44.362593263506426 0.7404505254202738 1.1519591961666198
143.31856676597334 77.53455135935506 37.55270448406798 0.470642082585187 1.9226242699944038
79.03414006234716 80.24997667057849 55.929452168938745 0.5020497399796349 1.3211637046346585
135.46679084113447 20.257588133733563 49.29041330805236 0.439229222421311 2.3233860091967538
35.40596655906308 48.27942654307062 28.35632929858987 0.9710008053745208 1.7497186429376053
250.4760709958397 139.77835998953617 39.9047930045815 0.6698696954246254 2.8270312002304356
268.8733424970522 115.50115118604029 64.70726791928561 0.9241917877035416 1.75907291750944
184.22388080154778 28.452715474562957 23.071038233807016 0.60351770386022 2.4534538436503883
15.684293007313743 75.04071180206422 42.70386393180555 0.839554386337451 1.1593335153214794
234.42954533101496 88.56283640880189 32.99084415780954 0.7029489870096034 1.1282385738908802
58.81768666187176 47.440293280248376 41.56548789220218 0.9474676440711199 2.4558039147706037
293.14126629370577 132.42251420500497 44.32610197106936 0.8742711315339258 1.5692974885046538
246.2310455112476 94.68725066167472 32.885031333718075 1.0553143864454257 1.6039090919217314
223.37062832461362 6.294938560694679 43.32778720124715 0.9740172451672349 2.029548637814373
6.785791608931224 100.9540089128975 51.450299313003306 1.0086469293308244 1.7152025072961692
100.61109421120189 141.48870920262004 44.79885751185275 0.9646057016097751 2.4026530941696835
36.91864843967344 73.53794127228103 48.58336486575836 0.569634967345325 2.6253156525065453
112.74623216991951 115.95089460240783 42.923821984590745 0.6700942981284768 2.59672120832168
223.13324202972885 84.53106942466351 44.940104688121046 0.4813602860770718 1.536768073609072
103.67328912541906 115.76390411517991 50.73538403774058 0.8802758554359968 2.4664479864893436
190.95835009716075 24.96619635398471 45.33152553877592 0.568758159043875 2.6868593421529265
138.90048391771126 66.59757022088931 48.34967088837799 0.8744033573730821 1.2295847689102062
22.583078962521817 140.17946837244958 17.734354391688953 0.8669674269788494 1.9674420965659338
166.15497737910866 82.90138586626051 46.64818060637749 0.8503336916074953 2.5012698370705353
117.08262358783877 148.0563791141141 34.98393184754631 0.8195979324944577 1.7465693312390458
90.24436357066072 52.696656540823305 18.506422831617616 0.5119315994418655 1.0623125913862586
128.87701623027897 53.22497804431545 36.571369274640034 0.8632577524731487 1.3229118480692654
103.1858034215736 148.64311569936783 36.30383436663346 0.864259255524678 1.5425284074333376
65.69154338752078 22.958403785876342 64.34191105526986 0.850552929518993 1.920336995430604
134.20821531425005 77.85623412231692 44.22362856389545 1.122575009203057 2.121343075142498
152.06501055589007 32.40020415959529 36.660589444135155 0.8734623565040267 2.5190414667387087
8.296942385793859 1.0794061275018696 43.993310110321154 0.8638848677134019 2.85684612064277
116.56065437713276 32.76283152691891 36.72636388336384 0.7798434354455771 1.5860762306929979
284.1099876252522 15.987136937666074 37.426406977855045 1.0110778580389579 1.9624696877224732
78.2542185848854 56.7004628477615 40.04783794343269 0.4929052581312758 1.2391504595716714
17.922454024894087 116.21183793013954 46.72942303988102 0.8138840660283145 2.9853137113627093
199.3475074475355 72.89160973590724 31.97556717565898 0.6352700177545791 1.473053526101739
254.51833369827514 67.69764577592409 41.899336002367974 0.7838036944215238 2.8641354766791434
118.87131607155 74.30044741740431 31.267537540882817 0.9217907234600735 2.7663180244264334
32.71461639069414 49.94721086623621 47.45398996058328 0.44540886095935883 2.7547945480009295
239.33002160295393 66.53307100473224 46.35967922806996 0.800204216105731 1.9832055663204033
122.7227392337506 32.70873565521797 42.16042826259887 1.1613771380096758 1.2349475796579137
243.91779678099567 49.42709354762779 37.34939642708639 0.8085817354259256 2.1121074012321186
146.8142271208172 91.8027062884205 29.58490821631813 0.7674874234773267 2.231206759733202
11.667022876593514 53.02028134545549 35.316076196108845 0.6353995070348553 1.6022226368344354
171.72140725389536 112.25627702674542 28.91861174433521 0.5856419987048993 2.5234872801274246
158.52192645319712 138.17314322511933 47.04325765182194 0.5831965478256633 2.0956707730091644
33.39016308244594 101.36313334595033 47.974223922584315 1.0320706249641676 1.5253634507092197
33.12827919726681 70.97271026507994 40.171195605053505 0.5923198444104238 2.5974988533466505
164.6012777205417 44.705159315575436 42.163451509946526 0.6550669701607831 1.0541335648151433
177.79126569950634 57.2673049678393 39.26218732582874 0.7615952019909329 2.4266144792307847
255.13515278297487 113.7441425493169 40.75217484649331 0.9451893730938152 2.5910623319479145
205.6505181759814 144.87287776893606 32.23305158613776 0.7487588520920009 2.283217403573172
31.05179006804204 24.359721614222586 42.855764273960965 0.8225763767034467 1.0653347504661392
181.21117299873447 64.68489462628477 29.45541847043833 0.6183698897979264 1.1029842869659081
123.04417184950309 89.75333180053437 39.23526758600808 0.7674010378147508 1.6423593689970757
81.28061834181769 22.147407651465922 56.73699150728437 0.6386156084858201 2.444804870598664
51.81190261348079 100.44769201979152 42.447258266237405 0.7144820554380362 1.5750985137705067
190.29687704066063 46.83923336850327 41.56953301085934 0.6323044213394741 1.7835388400633905
255.1263265765099 51.065959038145586 51.0292802485736 0.8972991940827764 2.206651582461841
259.0136015257655 62.5505511922219 50.01409409771371 0.7425937026299132 1.6641053591574173
22.33731651042249 62.43610014959053 42.24996587057901 0.88975292891506 1.8914320331891374
154.38348717817618 71.19776542487288 29.545550021110884 0.6801870642422804 1.9340413012970896
190.19367939213504 33.35875128375315 54.47935431449798 0.8758286051611495 2.61513598578368
207.9502782154969 49.20970336766871 48.613701200527444 0.7628324525877469 2.5196404301757136
254.1870778555242 3.4606457774733643 43.50638579776636 0.6629737942119671 1.181845004063969
238.10845015649159 8.920411096251806 22.98310691996703 0.9217018505717933 2.1237948070875508
143.64837770029186 139.9827669417227 27.313146330655943 0.6738016529965632 1.6675175291113178
190.1825576265942 29.867906714886942 41.449288952624286 0.874725071552809 1.4295396799645748
109.17177457454201 136.73151286916865 39.35404039303494 0.48333806111871025 2.7792823200195427
293.4591725937431 86.72213629966237 47.8895589437307 0.9352171445189545 2.1550013120865525
43.98075665746737 13.097200618082999 25.89708089913713 0.8104247495513353 2.247936096945179
285.4513897893336 64.4027674839686 50.88112252858235 0.45693572271012295 2.5188745416382337
216.19899790179738 56.61466706273825 42.41904532125964 0.65886086902351 2.6304906698996815
80.09431792632776 129.64266703460692 38.327913641833746 0.8835554418167632 2.763783899397504
218.41239096448345 54.841759231163216 50.29686295345964 0.6826123201624021 2.09388191663327
122.30027550701959 31.24401526111184 59.84073276360246 0.78926423996553 2.8396736117928993
113.33421925527361 136.87771960788422 35.06741061423253 1.0944442059963575 1.864669214276636
161.89781375439284 83.13448827359429 29.665234394125342 0.6579958776155792 2.2135946714780417
199.21313692519274 116.589809156843 38.24514805664313 0.6044217125077913 2.508891689612193
95.71597934889779 97.35083902493281 38.14676327674448 0.8047729590131923 1.3679955840385385
264.8965775974625 101.91178529002423 40.80688866671971 0.6701796321558029 2.61189890520293
139.84177381117502 115.54410497629219 38.57701277026936 0.6718419724285138 1.4548206025031347
188.9375625557087 22.172731136604845 66.04374060321297 0.8347360566222198 2.2914929012681693
188.01759602356435 51.502920067857275 28.910738627841724 0.7045369664524452 2.1342391625898443
229.51926854937784 106.2141471645044 40.255187112900295 0.801580794555711 2.2212393941224002
196.93400473762398 86.39127105486011 43.18095890020547 0.7962509583904652 2.0025641838914696
173.91227404901653 104.8435945056646 37.100120336062936 1.1602156583120893 1.550973401113352
131.8991048433734 131.510450020355 37.43520990786162 0.8254644386400183 2.853526407065997
60.187800754482836 134.8891015148127 39.78841409556567 1.1305237547501763 2.4944832773243544
91.09938063752622 17.597500061233912 62.55705417845073 1.1466652680595777 1.5561839713002734
78.80493016668285 123.5675657553339 45.04769798298146 0.9129308481113995 2.8826158636735757
299.3649035092408 114.01668617223683 59.43723918700292 1.0882458698437667 2.59560053090015
